# Observation File: breakthrough_curve.dat column names:
# -----------------------------------------------------------------------------
# Observation Name: time [s]
# -----------------------------------------------------------------------------
# Observation Name: surface-component_concentration
# Region: observation point
# Functional: point
# Variable: surface-total_component_concentration
# Number of Vectors: 2
# =============================================================================
"time [s]" "surface-component_concentration"
0.000000000000e+00 0.000000000000e+00 0.000000000000e+00
1.200000000000e+02 1.283355326202e-38 1.283355326202e-38
2.400000000000e+02 1.712605743390e-36 1.712605743390e-36
3.600000000000e+02 1.109619219381e-34 1.109619219381e-34
4.800000000000e+02 4.650457091429e-33 4.650457091429e-33
6.000000000000e+02 1.418073301390e-31 1.418073301390e-31
7.200000000000e+02 3.356342846283e-30 3.356342846283e-30
8.400000000000e+02 6.425669234410e-29 6.425669234410e-29
9.600000000000e+02 1.024205932406e-27 1.024205932406e-27
1.080000000000e+03 1.388486213594e-26 1.388486213594e-26
1.200000000000e+03 1.627305555487e-25 1.627305555487e-25
1.320000000000e+03 1.670008797050e-24 1.670008797050e-24
1.440000000000e+03 1.516133464405e-23 1.516133464405e-23
1.560000000000e+03 1.228031444813e-22 1.228031444813e-22
1.680000000000e+03 8.939662692366e-22 8.939662692366e-22
1.800000000000e+03 5.887360905410e-21 5.887360905410e-21
1.920000000000e+03 3.528436818885e-20 3.528436818885e-20
2.040000000000e+03 1.934906588379e-19 1.934906588379e-19
2.160000000000e+03 9.757551345996e-19 9.757551345996e-19
2.280000000000e+03 4.545409717537e-18 4.545409717537e-18
2.400000000000e+03 1.962986194269e-17 1.962986194269e-17
2.520000000000e+03 7.882676477170e-17 7.882676477170e-17
2.640000000000e+03 2.953840833261e-16 2.953840833261e-16
2.760000000000e+03 1.038050023118e-15 1.038050023118e-15
2.880000000000e+03 3.440837706393e-15 3.440837706393e-15
3.000000000000e+03 1.080973299869e-14 1.080973299869e-14
3.120000000000e+03 3.205838125655e-14 3.205838125655e-14
3.240000000000e+03 8.993580913845e-14 8.993580913845e-14
3.360000000000e+03 2.437877639484e-13 2.437877639484e-13
3.480000000000e+03 6.991701541919e-13 6.991701541919e-13
3.600000000000e+03 2.262874148299e-12 2.262874148299e-12
3.720000000000e+03 7.157587659360e-12 7.157587659360e-12
3.840000000000e+03 2.185612186662e-11 2.185612186662e-11
3.960000000000e+03 6.446380394610e-11 6.446380394610e-11
4.080000000000e+03 1.838189641877e-10 1.838189641877e-10
4.200000000000e+03 5.071513387229e-10 5.071513387229e-10
4.320000000000e+03 1.354764745846e-09 1.354764745846e-09
4.440000000000e+03 3.506335760986e-09 3.506335760986e-09
4.560000000000e+03 8.797819776117e-09 8.797819776117e-09
4.680000000000e+03 2.141336598213e-08 2.141336598213e-08
4.800000000000e+03 5.058589490474e-08 5.058589490474e-08
4.920000000000e+03 1.160503654557e-07 1.160503654557e-07
5.040000000000e+03 2.586826368440e-07 2.586826368440e-07
5.160000000000e+03 5.605538766015e-07 5.605538766015e-07
5.280000000000e+03 1.181457552429e-06 1.181457552429e-06
5.400000000000e+03 2.423191916464e-06 2.423191916464e-06
5.520000000000e+03 4.838854742594e-06 4.838854742594e-06
5.640000000000e+03 9.412336770651e-06 9.412336770651e-06
5.760000000000e+03 1.784296996921e-05 1.784296996921e-05
5.880000000000e+03 3.298122744797e-05 3.298122744797e-05
6.000000000000e+03 5.947202760823e-05 5.947202760823e-05
6.120000000000e+03 1.046701584201e-04 1.046701584201e-04
6.240000000000e+03 1.798942550498e-04 1.798942550498e-04
6.360000000000e+03 3.020776147659e-04 3.020776147659e-04
6.480000000000e+03 4.958518520113e-04 4.958518520113e-04
6.600000000000e+03 7.960598345217e-04 7.960598345217e-04
6.720000000000e+03 1.250636444423e-03 1.250636444423e-03
6.840000000000e+03 1.923721675384e-03 1.923721675384e-03
6.960000000000e+03 2.898786664955e-03 2.898786664955e-03
7.080000000000e+03 4.281469890708e-03 4.281469890708e-03
7.200000000000e+03 6.201751665300e-03 6.201751665300e-03
7.320000000000e+03 8.815055439725e-03 8.815055439725e-03
7.440000000000e+03 1.230186824637e-02 1.230186824637e-02
7.560000000000e+03 1.686552965531e-02 1.686552965531e-02
7.680000000000e+03 2.272795175351e-02 2.272795175351e-02
7.800000000000e+03 3.012319615913e-02 3.012319615913e-02
7.920000000000e+03 3.928903341067e-02 3.928903341067e-02
8.040000000000e+03 5.045682335685e-02 5.045682335685e-02
8.160000000000e+03 6.384025623605e-02 6.384025623605e-02
8.280000000000e+03 7.962365648075e-02 7.962365648075e-02
8.400000000000e+03 9.795065232615e-02 9.795065232615e-02
8.520000000000e+03 1.189140389943e-01 1.189140389943e-01
8.640000000000e+03 1.425476064027e-01 1.425476064027e-01
8.760000000000e+03 1.688205694075e-01 1.688205694075e-01
8.880000000000e+03 1.976350444531e-01 1.976350444531e-01
9.000000000000e+03 2.288267831279e-01 2.288267831279e-01
9.120000000000e+03 2.621691261468e-01 2.621691261468e-01
9.240000000000e+03 2.973799063774e-01 2.973799063774e-01
9.360000000000e+03 3.341308291039e-01 3.341308291039e-01
9.480000000000e+03 3.720587084839e-01 3.720587084839e-01
9.600000000000e+03 4.107778506688e-01 4.107778506688e-01
9.720000000000e+03 4.498928485220e-01 4.498928485220e-01
9.840000000000e+03 4.890110858213e-01 4.890110858213e-01
9.960000000000e+03 5.277543305871e-01 5.277543305871e-01
1.008000000000e+04 5.657689147073e-01 5.657689147073e-01
1.020000000000e+04 6.027341358480e-01 6.027341358480e-01
1.032000000000e+04 6.383686635717e-01 6.383686635717e-01
1.044000000000e+04 6.724348721518e-01 6.724348721518e-01
1.056000000000e+04 7.047411478762e-01 7.047411478762e-01
1.068000000000e+04 7.351423218622e-01 7.351423218622e-01
1.080000000000e+04 7.635384568174e-01 7.635384568174e-01
1.092000000000e+04 7.898722668641e-01 7.898722668641e-01
1.104000000000e+04 8.141254748686e-01 8.141254748686e-01
1.116000000000e+04 8.363144147589e-01 8.363144147589e-01
1.128000000000e+04 8.564851711815e-01 8.564851711815e-01
1.140000000000e+04 8.747085201553e-01 8.747085201553e-01
1.152000000000e+04 8.910748966892e-01 8.910748966892e-01
1.164000000000e+04 9.056895728741e-01 9.056895728741e-01
1.176000000000e+04 9.186681863170e-01 9.186681863170e-01
1.188000000000e+04 9.301327168208e-01 9.301327168208e-01
1.200000000000e+04 9.402079710058e-01 9.402079710058e-01
1.212000000000e+04 9.490186014632e-01 9.490186014632e-01
1.224000000000e+04 9.566866597302e-01 9.566866597302e-01
1.236000000000e+04 9.633296610403e-01 9.633296610403e-01
1.248000000000e+04 9.690591232037e-01 9.690591232037e-01
1.260000000000e+04 9.739795315741e-01 9.739795315741e-01
1.272000000000e+04 9.781876761687e-01 9.781876761687e-01
1.284000000000e+04 9.817723048351e-01 9.817723048351e-01
1.296000000000e+04 9.848140371179e-01 9.848140371179e-01
1.308000000000e+04 9.873854863998e-01 9.873854863998e-01
1.320000000000e+04 9.895515423121e-01 9.895515423121e-01
1.332000000000e+04 9.913697707406e-01 9.913697707406e-01
1.344000000000e+04 9.928908945169e-01 9.928908945169e-01
1.356000000000e+04 9.941593237129e-01 9.941593237129e-01
1.368000000000e+04 9.952137100692e-01 9.952137100692e-01
1.380000000000e+04 9.960875052914e-01 9.960875052914e-01
1.392000000000e+04 9.968095076284e-01 9.968095076284e-01
1.404000000000e+04 9.974043852312e-01 9.974043852312e-01
1.416000000000e+04 9.978931682741e-01 9.978931682741e-01
1.428000000000e+04 9.982937047079e-01 9.982937047079e-01
1.440000000000e+04 9.986210768521e-01 9.986210768521e-01
1.452000000000e+04 9.988879778720e-01 9.988879778720e-01
1.464000000000e+04 9.991050485836e-01 9.991050485836e-01
1.476000000000e+04 9.992811760557e-01 9.992811760557e-01
1.488000000000e+04 9.994237561874e-01 9.994237561874e-01
1.500000000000e+04 9.995389228941e-01 9.995389228941e-01
1.512000000000e+04 9.996317467870e-01 9.996317467870e-01
1.524000000000e+04 9.997064063245e-01 9.997064063245e-01
1.536000000000e+04 9.997663343906e-01 9.997663343906e-01
1.548000000000e+04 9.998143431480e-01 9.998143431480e-01
1.560000000000e+04 9.998527298448e-01 9.998527298448e-01
1.572000000000e+04 9.998833660545e-01 9.998833660545e-01
1.584000000000e+04 9.999077726057e-01 9.999077726057e-01
1.596000000000e+04 9.999271822304e-01 9.999271822304e-01
1.608000000000e+04 9.999425917345e-01 9.999425917345e-01
1.620000000000e+04 9.999548052779e-01 9.999548052779e-01
1.632000000000e+04 9.999644701513e-01 9.999644701513e-01
1.644000000000e+04 9.999721062478e-01 9.999721062478e-01
1.656000000000e+04 9.999781302622e-01 9.999781302622e-01
1.668000000000e+04 9.999828754991e-01 9.999828754991e-01
1.680000000000e+04 9.999866080393e-01 9.999866080393e-01
1.692000000000e+04 9.999895398943e-01 9.999895398943e-01
1.704000000000e+04 9.999918396840e-01 9.999918396840e-01
1.716000000000e+04 9.999936412785e-01 9.999936412785e-01
1.728000000000e+04 9.999950507762e-01 9.999950507762e-01
1.740000000000e+04 9.999961521245e-01 9.999961521245e-01
1.752000000000e+04 9.999970116372e-01 9.999970116372e-01
1.764000000000e+04 9.999976816154e-01 9.999976816154e-01
1.776000000000e+04 9.999982032461e-01 9.999982032461e-01
1.788000000000e+04 9.999986089159e-01 9.999986089159e-01
1.800000000000e+04 9.999989240543e-01 9.999989240543e-01
1.812000000000e+04 9.999991686009e-01 9.999991686009e-01
1.824000000000e+04 9.999993581687e-01 9.999993581687e-01
1.836000000000e+04 9.999995049673e-01 9.999995049673e-01
1.848000000000e+04 9.999996185322e-01 9.999996185322e-01
1.860000000000e+04 9.999997063015e-01 9.999997063015e-01
1.872000000000e+04 9.999997740698e-01 9.999997740698e-01
1.884000000000e+04 9.999998263463e-01 9.999998263463e-01
1.896000000000e+04 9.999998666358e-01 9.999998666358e-01
1.908000000000e+04 9.999998976594e-01 9.999998976594e-01
1.920000000000e+04 9.999999215274e-01 9.999999215274e-01
1.932000000000e+04 9.999999398748e-01 9.999999398748e-01
1.944000000000e+04 9.999999539668e-01 9.999999539668e-01
1.956000000000e+04 9.999999647816e-01 9.999999647816e-01
1.968000000000e+04 9.999999730749e-01 9.999999730749e-01
1.980000000000e+04 9.999999794296e-01 9.999999794296e-01
1.992000000000e+04 9.999999842952e-01 9.999999842952e-01
2.004000000000e+04 9.999999880179e-01 9.999999880179e-01
2.016000000000e+04 9.999999908642e-01 9.999999908642e-01
2.028000000000e+04 9.999999930388e-01 9.999999930388e-01
2.040000000000e+04 9.999999946991e-01 9.999999946991e-01
2.052000000000e+04 9.999999959659e-01 9.999999959659e-01
2.064000000000e+04 9.999999969318e-01 9.999999969318e-01
2.076000000000e+04 9.999999976678e-01 9.999999976678e-01
2.088000000000e+04 9.999999982282e-01 9.999999982282e-01
2.100000000000e+04 9.999999986548e-01 9.999999986548e-01
2.112000000000e+04 9.999999989792e-01 9.999999989792e-01
2.124000000000e+04 9.999999992258e-01 9.999999992258e-01
2.136000000000e+04 9.999999994131e-01 9.999999994131e-01
2.148000000000e+04 9.999999995554e-01 9.999999995554e-01
2.160000000000e+04 9.999999996633e-01 9.999999996633e-01
2.172000000000e+04 9.999999997452e-01 9.999999997452e-01
2.184000000000e+04 9.999999998072e-01 9.999999998072e-01
2.196000000000e+04 9.999999998542e-01 9.999999998542e-01
2.208000000000e+04 9.999999998898e-01 9.999999998898e-01
2.220000000000e+04 9.999999999168e-01 9.999999999168e-01
2.232000000000e+04 9.999999999372e-01 9.999999999372e-01
2.244000000000e+04 9.999999999526e-01 9.999999999526e-01
2.256000000000e+04 9.999999999642e-01 9.999999999642e-01
2.268000000000e+04 9.999999999730e-01 9.999999999730e-01
2.280000000000e+04 9.999999999797e-01 9.999999999797e-01
2.292000000000e+04 9.999999999847e-01 9.999999999847e-01
2.304000000000e+04 9.999999999885e-01 9.999999999885e-01
2.316000000000e+04 9.999999999913e-01 9.999999999913e-01
2.328000000000e+04 9.999999999935e-01 9.999999999935e-01
2.340000000000e+04 9.999999999951e-01 9.999999999951e-01
2.352000000000e+04 9.999999999963e-01 9.999999999963e-01
2.364000000000e+04 9.999999999972e-01 9.999999999972e-01
2.376000000000e+04 9.999999999979e-01 9.999999999979e-01
2.388000000000e+04 9.999999999984e-01 9.999999999984e-01
2.400000000000e+04 9.999999999988e-01 9.999999999988e-01
2.412000000000e+04 9.999999999991e-01 9.999999999991e-01
2.424000000000e+04 9.999999999994e-01 9.999999999994e-01
2.436000000000e+04 9.999999999995e-01 9.999999999995e-01
2.448000000000e+04 9.999999999996e-01 9.999999999996e-01
2.460000000000e+04 9.999999999997e-01 9.999999999997e-01
2.472000000000e+04 9.999999999998e-01 9.999999999998e-01
2.484000000000e+04 9.999999999998e-01 9.999999999998e-01
2.496000000000e+04 9.999999999998e-01 9.999999999998e-01
2.508000000000e+04 9.999999999999e-01 9.999999999999e-01
2.520000000000e+04 9.999999999999e-01 9.999999999999e-01
2.532000000000e+04 9.999999999999e-01 9.999999999999e-01
2.544000000000e+04 9.999999999999e-01 9.999999999999e-01
2.556000000000e+04 9.999999999999e-01 9.999999999999e-01
2.568000000000e+04 1.000000000000e+00 1.000000000000e+00
2.580000000000e+04 1.000000000000e+00 1.000000000000e+00
2.592000000000e+04 1.000000000000e+00 1.000000000000e+00
2.604000000000e+04 1.000000000000e+00 1.000000000000e+00
2.616000000000e+04 1.000000000000e+00 1.000000000000e+00
2.628000000000e+04 1.000000000000e+00 1.000000000000e+00
2.640000000000e+04 1.000000000000e+00 1.000000000000e+00
2.652000000000e+04 1.000000000000e+00 1.000000000000e+00
2.664000000000e+04 1.000000000000e+00 1.000000000000e+00
2.676000000000e+04 1.000000000000e+00 1.000000000000e+00
2.688000000000e+04 1.000000000000e+00 1.000000000000e+00
2.700000000000e+04 1.000000000000e+00 1.000000000000e+00
2.712000000000e+04 1.000000000000e+00 1.000000000000e+00
2.724000000000e+04 1.000000000000e+00 1.000000000000e+00
2.736000000000e+04 1.000000000000e+00 1.000000000000e+00
2.748000000000e+04 1.000000000000e+00 1.000000000000e+00
2.760000000000e+04 1.000000000000e+00 1.000000000000e+00
2.772000000000e+04 1.000000000000e+00 1.000000000000e+00
2.784000000000e+04 1.000000000000e+00 1.000000000000e+00
2.796000000000e+04 1.000000000000e+00 1.000000000000e+00
2.808000000000e+04 1.000000000000e+00 1.000000000000e+00
2.820000000000e+04 1.000000000000e+00 1.000000000000e+00
2.832000000000e+04 1.000000000000e+00 1.000000000000e+00
2.844000000000e+04 1.000000000000e+00 1.000000000000e+00
2.856000000000e+04 1.000000000000e+00 1.000000000000e+00
2.868000000000e+04 1.000000000000e+00 1.000000000000e+00
2.880000000000e+04 1.000000000000e+00 1.000000000000e+00
2.892000000000e+04 1.000000000000e+00 1.000000000000e+00
2.904000000000e+04 1.000000000000e+00 1.000000000000e+00
2.916000000000e+04 1.000000000000e+00 1.000000000000e+00
2.928000000000e+04 1.000000000000e+00 1.000000000000e+00
2.940000000000e+04 1.000000000000e+00 1.000000000000e+00
2.952000000000e+04 1.000000000000e+00 1.000000000000e+00
2.964000000000e+04 1.000000000000e+00 1.000000000000e+00
2.976000000000e+04 1.000000000000e+00 1.000000000000e+00
2.988000000000e+04 1.000000000000e+00 1.000000000000e+00
3.000000000000e+04 1.000000000000e+00 1.000000000000e+00
3.012000000000e+04 1.000000000000e+00 1.000000000000e+00
3.024000000000e+04 1.000000000000e+00 1.000000000000e+00
3.036000000000e+04 1.000000000000e+00 1.000000000000e+00
3.048000000000e+04 1.000000000000e+00 1.000000000000e+00
3.060000000000e+04 1.000000000000e+00 1.000000000000e+00
3.072000000000e+04 1.000000000000e+00 1.000000000000e+00
3.084000000000e+04 1.000000000000e+00 1.000000000000e+00
3.096000000000e+04 1.000000000000e+00 1.000000000000e+00
3.108000000000e+04 1.000000000000e+00 1.000000000000e+00
3.120000000000e+04 1.000000000000e+00 1.000000000000e+00
3.132000000000e+04 1.000000000000e+00 1.000000000000e+00
3.144000000000e+04 1.000000000000e+00 1.000000000000e+00
3.156000000000e+04 1.000000000000e+00 1.000000000000e+00
3.168000000000e+04 1.000000000000e+00 1.000000000000e+00
3.180000000000e+04 1.000000000000e+00 1.000000000000e+00
3.192000000000e+04 1.000000000000e+00 1.000000000000e+00
3.204000000000e+04 1.000000000000e+00 1.000000000000e+00
3.216000000000e+04 1.000000000000e+00 1.000000000000e+00
3.228000000000e+04 1.000000000000e+00 1.000000000000e+00
3.240000000000e+04 1.000000000000e+00 1.000000000000e+00
3.252000000000e+04 1.000000000000e+00 1.000000000000e+00
3.264000000000e+04 1.000000000000e+00 1.000000000000e+00
3.276000000000e+04 1.000000000000e+00 1.000000000000e+00
3.288000000000e+04 1.000000000000e+00 1.000000000000e+00
3.300000000000e+04 1.000000000000e+00 1.000000000000e+00
3.312000000000e+04 1.000000000000e+00 1.000000000000e+00
3.324000000000e+04 1.000000000000e+00 1.000000000000e+00
3.336000000000e+04 1.000000000000e+00 1.000000000000e+00
3.348000000000e+04 1.000000000000e+00 1.000000000000e+00
3.360000000000e+04 1.000000000000e+00 1.000000000000e+00
3.372000000000e+04 1.000000000000e+00 1.000000000000e+00
3.384000000000e+04 1.000000000000e+00 1.000000000000e+00
3.396000000000e+04 1.000000000000e+00 1.000000000000e+00
3.408000000000e+04 1.000000000000e+00 1.000000000000e+00
3.420000000000e+04 1.000000000000e+00 1.000000000000e+00
3.432000000000e+04 1.000000000000e+00 1.000000000000e+00
3.444000000000e+04 1.000000000000e+00 1.000000000000e+00
3.456000000000e+04 1.000000000000e+00 1.000000000000e+00
3.468000000000e+04 1.000000000000e+00 1.000000000000e+00
3.480000000000e+04 1.000000000000e+00 1.000000000000e+00
3.492000000000e+04 1.000000000000e+00 1.000000000000e+00
3.504000000000e+04 1.000000000000e+00 1.000000000000e+00
3.516000000000e+04 1.000000000000e+00 1.000000000000e+00
3.528000000000e+04 1.000000000000e+00 1.000000000000e+00
3.540000000000e+04 1.000000000000e+00 1.000000000000e+00
3.552000000000e+04 1.000000000000e+00 1.000000000000e+00
3.564000000000e+04 1.000000000000e+00 1.000000000000e+00
3.576000000000e+04 1.000000000000e+00 1.000000000000e+00
3.588000000000e+04 1.000000000000e+00 1.000000000000e+00
3.600000000000e+04 1.000000000000e+00 1.000000000000e+00
3.612000000000e+04 1.000000000000e+00 1.000000000000e+00
3.624000000000e+04 1.000000000000e+00 1.000000000000e+00
3.636000000000e+04 1.000000000000e+00 1.000000000000e+00
3.648000000000e+04 1.000000000000e+00 1.000000000000e+00
3.660000000000e+04 1.000000000000e+00 1.000000000000e+00
3.672000000000e+04 1.000000000000e+00 1.000000000000e+00
3.684000000000e+04 1.000000000000e+00 1.000000000000e+00
3.696000000000e+04 1.000000000000e+00 1.000000000000e+00
3.708000000000e+04 1.000000000000e+00 1.000000000000e+00
3.720000000000e+04 1.000000000000e+00 1.000000000000e+00
3.732000000000e+04 1.000000000000e+00 1.000000000000e+00
3.744000000000e+04 1.000000000000e+00 1.000000000000e+00
3.756000000000e+04 1.000000000000e+00 1.000000000000e+00
3.768000000000e+04 1.000000000000e+00 1.000000000000e+00
3.780000000000e+04 1.000000000000e+00 1.000000000000e+00
3.792000000000e+04 1.000000000000e+00 1.000000000000e+00
3.804000000000e+04 1.000000000000e+00 1.000000000000e+00
3.816000000000e+04 1.000000000000e+00 1.000000000000e+00
3.828000000000e+04 1.000000000000e+00 1.000000000000e+00
3.840000000000e+04 1.000000000000e+00 1.000000000000e+00
3.852000000000e+04 1.000000000000e+00 1.000000000000e+00
3.864000000000e+04 1.000000000000e+00 1.000000000000e+00
3.876000000000e+04 1.000000000000e+00 1.000000000000e+00
3.888000000000e+04 1.000000000000e+00 1.000000000000e+00
3.900000000000e+04 1.000000000000e+00 1.000000000000e+00
3.912000000000e+04 1.000000000000e+00 1.000000000000e+00
3.924000000000e+04 1.000000000000e+00 1.000000000000e+00
3.936000000000e+04 1.000000000000e+00 1.000000000000e+00
3.948000000000e+04 1.000000000000e+00 1.000000000000e+00
3.960000000000e+04 1.000000000000e+00 1.000000000000e+00
3.972000000000e+04 1.000000000000e+00 1.000000000000e+00
3.984000000000e+04 1.000000000000e+00 1.000000000000e+00
3.996000000000e+04 1.000000000000e+00 1.000000000000e+00
4.008000000000e+04 1.000000000000e+00 1.000000000000e+00
4.020000000000e+04 1.000000000000e+00 1.000000000000e+00
4.032000000000e+04 1.000000000000e+00 1.000000000000e+00
4.044000000000e+04 1.000000000000e+00 1.000000000000e+00
4.056000000000e+04 1.000000000000e+00 1.000000000000e+00
4.068000000000e+04 1.000000000000e+00 1.000000000000e+00
4.080000000000e+04 1.000000000000e+00 1.000000000000e+00
4.092000000000e+04 1.000000000000e+00 1.000000000000e+00
4.104000000000e+04 1.000000000000e+00 1.000000000000e+00
4.116000000000e+04 1.000000000000e+00 1.000000000000e+00
4.128000000000e+04 1.000000000000e+00 1.000000000000e+00
4.140000000000e+04 1.000000000000e+00 1.000000000000e+00
4.152000000000e+04 1.000000000000e+00 1.000000000000e+00
4.164000000000e+04 1.000000000000e+00 1.000000000000e+00
4.176000000000e+04 1.000000000000e+00 1.000000000000e+00
4.188000000000e+04 1.000000000000e+00 1.000000000000e+00
4.200000000000e+04 1.000000000000e+00 1.000000000000e+00
4.212000000000e+04 1.000000000000e+00 1.000000000000e+00
4.224000000000e+04 1.000000000000e+00 1.000000000000e+00
4.236000000000e+04 1.000000000000e+00 1.000000000000e+00
4.248000000000e+04 1.000000000000e+00 1.000000000000e+00
4.260000000000e+04 1.000000000000e+00 1.000000000000e+00
4.272000000000e+04 1.000000000000e+00 1.000000000000e+00
4.284000000000e+04 1.000000000000e+00 1.000000000000e+00
4.296000000000e+04 1.000000000000e+00 1.000000000000e+00
4.308000000000e+04 1.000000000000e+00 1.000000000000e+00
4.320000000000e+04 1.000000000000e+00 1.000000000000e+00
4.332000000000e+04 1.000000000000e+00 1.000000000000e+00
4.344000000000e+04 1.000000000000e+00 1.000000000000e+00
4.356000000000e+04 1.000000000000e+00 1.000000000000e+00
4.368000000000e+04 1.000000000000e+00 1.000000000000e+00
4.380000000000e+04 1.000000000000e+00 1.000000000000e+00
4.392000000000e+04 1.000000000000e+00 1.000000000000e+00
4.404000000000e+04 1.000000000000e+00 1.000000000000e+00
4.416000000000e+04 1.000000000000e+00 1.000000000000e+00
4.428000000000e+04 1.000000000000e+00 1.000000000000e+00
4.440000000000e+04 1.000000000000e+00 1.000000000000e+00
4.452000000000e+04 1.000000000000e+00 1.000000000000e+00
4.464000000000e+04 1.000000000000e+00 1.000000000000e+00
4.476000000000e+04 1.000000000000e+00 1.000000000000e+00
4.488000000000e+04 1.000000000000e+00 1.000000000000e+00
4.500000000000e+04 1.000000000000e+00 1.000000000000e+00
4.512000000000e+04 1.000000000000e+00 1.000000000000e+00
4.524000000000e+04 1.000000000000e+00 1.000000000000e+00
4.536000000000e+04 1.000000000000e+00 1.000000000000e+00
4.548000000000e+04 1.000000000000e+00 1.000000000000e+00
4.560000000000e+04 1.000000000000e+00 1.000000000000e+00
4.572000000000e+04 1.000000000000e+00 1.000000000000e+00
4.584000000000e+04 1.000000000000e+00 1.000000000000e+00
4.596000000000e+04 1.000000000000e+00 1.000000000000e+00
4.608000000000e+04 1.000000000000e+00 1.000000000000e+00
4.620000000000e+04 1.000000000000e+00 1.000000000000e+00
4.632000000000e+04 1.000000000000e+00 1.000000000000e+00
4.644000000000e+04 9.999999999999e-01 9.999999999999e-01
4.656000000000e+04 9.999999999998e-01 9.999999999998e-01
4.668000000000e+04 9.999999999993e-01 9.999999999993e-01
4.680000000000e+04 9.999999999977e-01 9.999999999977e-01
4.692000000000e+04 9.999999999928e-01 9.999999999928e-01
4.704000000000e+04 9.999999999781e-01 9.999999999781e-01
4.716000000000e+04 9.999999999355e-01 9.999999999355e-01
4.728000000000e+04 9.999999998162e-01 9.999999998162e-01
4.740000000000e+04 9.999999994928e-01 9.999999994928e-01
4.752000000000e+04 9.999999986452e-01 9.999999986452e-01
4.764000000000e+04 9.999999964937e-01 9.999999964937e-01
4.776000000000e+04 9.999999912022e-01 9.999999912022e-01
4.788000000000e+04 9.999999785866e-01 9.999999785866e-01
4.800000000000e+04 9.999999494141e-01 9.999999494141e-01
4.812000000000e+04 9.999998839496e-01 9.999998839496e-01
4.824000000000e+04 9.999997413174e-01 9.999997413174e-01
4.836000000000e+04 9.999994394461e-01 9.999994394461e-01
4.848000000000e+04 9.999988185424e-01 9.999988185424e-01
4.860000000000e+04 9.999975768081e-01 9.999975768081e-01
4.872000000000e+04 9.999951611453e-01 9.999951611453e-01
4.884000000000e+04 9.999905876632e-01 9.999905876632e-01
4.896000000000e+04 9.999821570300e-01 9.999821570300e-01
4.908000000000e+04 9.999670187726e-01 9.999670187726e-01
4.920000000000e+04 9.999405279724e-01 9.999405279724e-01
4.932000000000e+04 9.998953298416e-01 9.998953298416e-01
4.944000000000e+04 9.998201057450e-01 9.998201057450e-01
4.956000000000e+04 9.996979223852e-01 9.996979223852e-01
4.968000000000e+04 9.995041481480e-01 9.995041481480e-01
4.980000000000e+04 9.992039401655e-01 9.992039401655e-01
4.992000000000e+04 9.987493635556e-01 9.987493635556e-01
5.004000000000e+04 9.980762783246e-01 9.980762783246e-01
5.016000000000e+04 9.971012133350e-01 9.971012133350e-01
5.028000000000e+04 9.957185301093e-01 9.957185301093e-01
5.040000000000e+04 9.937982483347e-01 9.937982483347e-01
5.052000000000e+04 9.911849445603e-01 9.911849445603e-01
5.064000000000e+04 9.876981317536e-01 9.876981317536e-01
5.076000000000e+04 9.831344703447e-01 9.831344703447e-01
5.088000000000e+04 9.772720482465e-01 9.772720482465e-01
5.100000000000e+04 9.698768038409e-01 9.698768038409e-01
5.112000000000e+04 9.607109665893e-01 9.607109665893e-01
5.124000000000e+04 9.495431766431e-01 9.495431766431e-01
5.136000000000e+04 9.361597437640e-01 9.361597437640e-01
5.148000000000e+04 9.203763435193e-01 9.203763435193e-01
5.160000000000e+04 9.020493476739e-01 9.020493476739e-01
5.172000000000e+04 8.810859610057e-01 8.810859610057e-01
5.184000000000e+04 8.574523935973e-01 8.574523935973e-01
5.196000000000e+04 8.311794305925e-01 8.311794305925e-01
5.208000000000e+04 8.023649555469e-01 8.023649555469e-01
5.220000000000e+04 7.711732168721e-01 7.711732168721e-01
5.232000000000e+04 7.378308738532e-01 7.378308738532e-01
5.244000000000e+04 7.026200936226e-01 7.026200936226e-01
5.256000000000e+04 6.658691708961e-01 6.658691708961e-01
5.268000000000e+04 6.279412915161e-01 6.279412915161e-01
5.280000000000e+04 5.892221493312e-01 5.892221493312e-01
5.292000000000e+04 5.501071514780e-01 5.501071514780e-01
5.304000000000e+04 5.109889141787e-01 5.109889141787e-01
5.316000000000e+04 4.722456694129e-01 4.722456694129e-01
5.328000000000e+04 4.342310852927e-01 4.342310852927e-01
5.340000000000e+04 3.972658641520e-01 3.972658641520e-01
5.352000000000e+04 3.616313364283e-01 3.616313364283e-01
5.364000000000e+04 3.275651278482e-01 3.275651278482e-01
5.376000000000e+04 2.952588521238e-01 2.952588521238e-01
5.388000000000e+04 2.648576781378e-01 2.648576781378e-01
5.400000000000e+04 2.364615431826e-01 2.364615431826e-01
5.412000000000e+04 2.101277331359e-01 2.101277331359e-01
5.424000000000e+04 1.858745251314e-01 1.858745251314e-01
5.436000000000e+04 1.636855852411e-01 1.636855852411e-01
5.448000000000e+04 1.435148288185e-01 1.435148288185e-01
5.460000000000e+04 1.252914798447e-01 1.252914798447e-01
5.472000000000e+04 1.089251033108e-01 1.089251033108e-01
5.484000000000e+04 9.431042712591e-02 9.431042712591e-02
5.496000000000e+04 8.133181368298e-02 8.133181368298e-02
5.508000000000e+04 6.986728317916e-02 6.986728317916e-02
5.520000000000e+04 5.979202899424e-02 5.979202899424e-02
5.532000000000e+04 5.098139853681e-02 5.098139853681e-02
5.544000000000e+04 4.331334026977e-02 4.331334026977e-02
5.556000000000e+04 3.667033895967e-02 3.667033895967e-02
5.568000000000e+04 3.094087679633e-02 3.094087679633e-02
5.580000000000e+04 2.602046842588e-02 2.602046842588e-02
5.592000000000e+04 2.181232383132e-02 2.181232383132e-02
5.604000000000e+04 1.822769516492e-02 1.822769516492e-02
5.616000000000e+04 1.518596288208e-02 1.518596288208e-02
5.628000000000e+04 1.261451360020e-02 1.261451360020e-02
5.640000000000e+04 1.044845768794e-02 1.044845768794e-02
5.652000000000e+04 8.630229259442e-03 8.630229259442e-03
5.664000000000e+04 7.109105483140e-03 7.109105483140e-03
5.676000000000e+04 5.840676287083e-03 5.840676287083e-03
5.688000000000e+04 4.786289930805e-03 4.786289930805e-03
5.700000000000e+04 3.912494708586e-03 3.912494708586e-03
5.712000000000e+04 3.190492371596e-03 3.190492371596e-03
5.724000000000e+04 2.595614768802e-03 2.595614768802e-03
5.736000000000e+04 2.106831725898e-03 2.106831725898e-03
5.748000000000e+04 1.706295292137e-03 1.706295292137e-03
5.760000000000e+04 1.378923147902e-03 1.378923147902e-03
5.772000000000e+04 1.112022127998e-03 1.112022127998e-03
5.784000000000e+04 8.949514164208e-04 8.949514164208e-04
5.796000000000e+04 7.188239443250e-04 7.188239443250e-04
5.808000000000e+04 5.762438126160e-04 5.762438126160e-04
5.820000000000e+04 4.610771058736e-04 4.610771058736e-04
5.832000000000e+04 3.682532129593e-04 3.682532129593e-04
5.844000000000e+04 2.935936755414e-04 2.935936755414e-04
5.856000000000e+04 2.336656094312e-04 2.336656094312e-04
5.868000000000e+04 1.856568520192e-04 1.856568520192e-04
5.880000000000e+04 1.472701552140e-04 1.472701552140e-04
5.892000000000e+04 1.166339455038e-04 1.166339455038e-04
5.904000000000e+04 9.222739427572e-05 9.222739427572e-05
5.916000000000e+04 7.281776955523e-05 7.281776955523e-05
5.928000000000e+04 5.740826554144e-05 5.740826554144e-05
5.940000000000e+04 4.519472212734e-05 4.519472212734e-05
5.952000000000e+04 3.552984868774e-05 3.552984868774e-05
5.964000000000e+04 2.789375218638e-05 2.789375218638e-05
5.976000000000e+04 2.186973783612e-05 2.186973783612e-05
5.988000000000e+04 1.712450085786e-05 1.712450085786e-05
6.000000000000e+04 1.339196074076e-05 1.339196074076e-05
6.012000000000e+04 1.046010570306e-05 1.046010570306e-05
6.024000000000e+04 8.160315982606e-06 8.160315982606e-06
6.036000000000e+04 6.358721507710e-06 6.358721507710e-06
6.048000000000e+04 4.949223839516e-06 4.949223839516e-06
6.060000000000e+04 3.847875456137e-06 3.847875456137e-06
6.072000000000e+04 2.988362832328e-06 2.988362832328e-06
6.084000000000e+04 2.318384635175e-06 2.318384635175e-06
6.096000000000e+04 1.796753879038e-06 1.796753879038e-06
6.108000000000e+04 1.391084119927e-06 1.391084119927e-06
6.120000000000e+04 1.075945662402e-06 1.075945662402e-06
6.132000000000e+04 8.313991290720e-07 8.313991290720e-07
6.144000000000e+04 6.418313249161e-07 6.418313249161e-07
6.156000000000e+04 4.950327382946e-07 4.950327382946e-07
6.168000000000e+04 3.814677904216e-07 3.814677904216e-07
6.180000000000e+04 2.936985283258e-07 2.936985283258e-07
6.192000000000e+04 2.259302356238e-07 2.259302356238e-07
6.204000000000e+04 1.736537322802e-07 1.736537322802e-07
6.216000000000e+04 1.333642175263e-07 1.333642175263e-07
6.228000000000e+04 1.023406025830e-07 1.023406025830e-07
6.240000000000e+04 7.847256662447e-08 7.847256662447e-08
6.252000000000e+04 6.012520288351e-08 6.012520288351e-08
6.264000000000e+04 4.603322699157e-08 4.603322699157e-08
6.276000000000e+04 3.521839888983e-08 3.521839888983e-08
6.288000000000e+04 2.692514631169e-08 2.692514631169e-08
6.300000000000e+04 2.057043968531e-08 2.057043968531e-08
6.312000000000e+04 1.570481020677e-08 1.570481020677e-08
6.324000000000e+04 1.198206911204e-08 1.198206911204e-08
6.336000000000e+04 9.135812521841e-09 9.135812521841e-09
6.348000000000e+04 6.961211321043e-09 6.961211321043e-09
6.360000000000e+04 5.300912336183e-09 5.300912336183e-09
6.372000000000e+04 4.034133957802e-09 4.034133957802e-09
6.384000000000e+04 3.068240963830e-09 3.068240963830e-09
6.396000000000e+04 2.332241293604e-09 2.332241293604e-09
6.408000000000e+04 1.771771155884e-09 1.771771155884e-09
6.420000000000e+04 1.345231465554e-09 1.345231465554e-09
6.432000000000e+04 1.020813996655e-09 1.020813996655e-09
6.444000000000e+04 7.742143969709e-10 7.742143969709e-10
6.456000000000e+04 5.868749439876e-10 5.868749439876e-10
6.468000000000e+04 4.446354762536e-10 4.446354762536e-10
6.480000000000e+04 3.366985410766e-10 3.366985410766e-10
