# Observation File: breakthrough_curve.dat column names:
# -----------------------------------------------------------------------------
# Observation Name: time [s]
# -----------------------------------------------------------------------------
# Observation Name: surface-component_concentration
# Region: observation point
# Reduction: point
# Variable: surface-total_component_concentration
# Number of Vectors: 2
# =============================================================================
"time [s]" "surface-component_concentration Tracer1" "surface-component_concentration Tracer2"
0.000000000000e+00 0.000000000000e+00 0.000000000000e+00
1.200000000000e+02 1.283355326203e-38 1.283355326203e-38
2.400000000000e+02 1.486378983770e-37 1.486378983770e-37
3.600000000000e+02 1.959190613289e-36 1.959190613289e-36
4.800000000000e+02 2.593829463201e-35 2.593829463201e-35
6.000000000000e+02 3.434658545770e-34 3.434658545770e-34
7.200000000000e+02 4.547832727040e-33 4.547832727040e-33
8.400000000000e+02 6.018777597170e-32 6.018777597170e-32
9.600000000000e+02 7.943501819766e-31 7.943501819766e-31
1.080000000000e+03 1.037731119754e-29 1.037731119754e-29
1.200000000000e+03 1.320219305551e-28 1.320219305551e-28
1.320000000000e+03 1.595783462624e-27 1.595783462624e-27
1.440000000000e+03 1.783980776274e-26 1.783980776274e-26
1.560000000000e+03 1.804761455933e-25 1.804761455933e-25
1.680000000000e+03 1.630796967606e-24 1.630796967606e-24
1.800000000000e+03 1.310436890836e-23 1.310436890836e-23
1.920000000000e+03 9.385335816970e-23 9.385335816970e-23
2.040000000000e+03 6.031593395724e-22 6.031593395724e-22
2.160000000000e+03 3.511121944078e-21 3.511121944078e-21
2.280000000000e+03 1.871120947360e-20 1.871120947360e-20
2.400000000000e+03 9.228138437937e-20 9.228138437937e-20
2.520000000000e+03 4.255481093566e-19 4.255481093566e-19
2.640000000000e+03 1.850247848188e-18 1.850247848188e-18
2.760000000000e+03 7.624931025576e-18 7.624931025576e-18
2.880000000000e+03 2.988273648940e-17 2.988273648940e-17
3.000000000000e+03 1.118281430793e-16 1.118281430793e-16
3.120000000000e+03 4.015123360640e-16 4.015123360640e-16
3.240000000000e+03 1.383505881079e-15 1.383505881079e-15
3.360000000000e+03 4.538066760142e-15 4.538066760142e-15
3.480000000000e+03 1.410689432743e-14 1.410689432743e-14
3.600000000000e+03 4.177018744793e-14 4.177018744793e-14
3.720000000000e+03 1.183210402874e-13 1.183210402874e-13
3.840000000000e+03 3.597158658764e-13 3.597158658764e-13
3.960000000000e+03 1.442069026219e-12 1.442069026219e-12
4.080000000000e+03 5.649202159657e-12 5.649202159657e-12
4.200000000000e+03 2.102920224164e-11 2.102920224164e-11
4.320000000000e+03 7.438326357578e-11 7.438326357578e-11
4.440000000000e+03 2.502459469331e-10 2.502459469331e-10
4.560000000000e+03 8.015981481398e-10 8.015981481398e-10
4.680000000000e+03 2.447522318106e-09 2.447522318106e-09
4.800000000000e+03 7.131519914999e-09 7.131519914999e-09
4.920000000000e+03 1.985396650006e-08 1.985396650006e-08
5.040000000000e+03 5.287633616047e-08 5.287633616047e-08
5.160000000000e+03 1.348883187764e-07 1.348883187764e-07
5.280000000000e+03 3.300225438583e-07 3.300225438583e-07
5.400000000000e+03 7.754087468262e-07 7.754087468262e-07
5.520000000000e+03 1.751856576411e-06 1.751856576411e-06
5.640000000000e+03 3.810737598192e-06 3.810737598192e-06
5.760000000000e+03 7.991362553233e-06 7.991362553233e-06
5.880000000000e+03 1.617660634072e-05 1.617660634072e-05
6.000000000000e+03 3.164867083825e-05 3.164867083825e-05
6.120000000000e+03 5.991884359239e-05 5.991884359239e-05
6.240000000000e+03 1.099107479321e-04 1.099107479321e-04
6.360000000000e+03 1.955708141627e-04 1.955708141627e-04
6.480000000000e+03 3.379574260290e-04 3.379574260290e-04
6.600000000000e+03 5.678175742627e-04 5.678175742627e-04
6.720000000000e+03 9.285958104565e-04 9.285958104565e-04
6.840000000000e+03 1.479737865427e-03 1.479737865427e-03
6.960000000000e+03 2.300058320552e-03 2.300058320552e-03
7.080000000000e+03 3.490850611978e-03 3.490850611978e-03
7.200000000000e+03 5.178343994718e-03 5.178343994718e-03
7.320000000000e+03 7.515072227154e-03 7.515072227154e-03
7.440000000000e+03 1.067972666266e-02 1.067972666266e-02
7.560000000000e+03 1.487513075927e-02 1.487513075927e-02
7.680000000000e+03 2.032409455439e-02 2.032409455439e-02
7.800000000000e+03 2.726307830678e-02 2.726307830678e-02
7.920000000000e+03 3.593379777414e-02 3.593379777414e-02
8.040000000000e+03 4.657311662743e-02 4.657311662743e-02
8.160000000000e+03 5.940176842653e-02 5.940176842653e-02
8.280000000000e+03 7.461260640050e-02 7.461260640050e-02
8.400000000000e+03 9.235917366127e-02 9.235917366127e-02
8.520000000000e+03 1.127454067562e-01 1.127454067562e-01
8.640000000000e+03 1.358172283079e-01 1.358172283079e-01
8.760000000000e+03 1.615566561102e-01 1.615566561102e-01
8.880000000000e+03 1.898788709665e-01 1.898788709665e-01
9.000000000000e+03 2.206324642252e-01 2.206324642252e-01
9.120000000000e+03 2.536028517990e-01 2.536028517990e-01
9.240000000000e+03 2.885186176991e-01 2.885186176991e-01
9.360000000000e+03 3.250603570646e-01 3.250603570646e-01
9.480000000000e+03 3.628714416513e-01 3.628714416513e-01
9.600000000000e+03 4.015700388736e-01 4.015700388736e-01
9.720000000000e+03 4.407616814873e-01 4.407616814873e-01
9.840000000000e+03 4.800517056684e-01 4.800517056684e-01
9.960000000000e+03 5.190569426780e-01 5.190569426780e-01
1.008000000000e+04 5.574161523897e-01 5.574161523897e-01
1.020000000000e+04 5.947988129518e-01 5.947988129518e-01
1.032000000000e+04 6.309120169463e-01 6.309120169463e-01
1.044000000000e+04 6.655053589103e-01 6.655053589103e-01
1.056000000000e+04 6.983738223483e-01 6.983738223483e-01
1.068000000000e+04 7.293587793089e-01 7.293587793089e-01
1.080000000000e+04 7.583472978187e-01 7.583472978187e-01
1.092000000000e+04 7.852700101510e-01 7.852700101510e-01
1.104000000000e+04 8.100978284400e-01 8.100978284400e-01
1.116000000000e+04 8.328378056586e-01 8.328378056586e-01
1.128000000000e+04 8.535284327835e-01 8.535284327835e-01
1.140000000000e+04 8.722346410626e-01 8.722346410626e-01
1.152000000000e+04 8.890427458967e-01 8.890427458967e-01
1.164000000000e+04 9.040555299960e-01 9.040555299960e-01
1.176000000000e+04 9.173876217982e-01 9.173876217982e-01
1.188000000000e+04 9.291612836610e-01 9.291612836610e-01
1.200000000000e+04 9.395026854033e-01 9.395026854033e-01
1.212000000000e+04 9.485387040313e-01 9.485387040313e-01
1.224000000000e+04 9.563942609465e-01 9.563942609465e-01
1.236000000000e+04 9.631901840601e-01 9.631901840601e-01
1.248000000000e+04 9.690415640374e-01 9.690415640374e-01
1.260000000000e+04 9.740565610356e-01 9.740565610356e-01
1.272000000000e+04 9.783356102134e-01 9.783356102134e-01
1.284000000000e+04 9.819709702851e-01 9.819709702851e-01
1.296000000000e+04 9.850465587010e-01 9.850465587010e-01
1.308000000000e+04 9.876380189076e-01 9.876380189076e-01
1.320000000000e+04 9.898129688693e-01 9.898129688693e-01
1.332000000000e+04 9.916313849911e-01 9.916313849911e-01
1.344000000000e+04 9.931460812348e-01 9.931460812348e-01
1.356000000000e+04 9.944032491378e-01 9.944032491378e-01
1.368000000000e+04 9.954430302946e-01 9.954430302946e-01
1.380000000000e+04 9.963000983964e-01 9.963000983964e-01
1.392000000000e+04 9.970042329841e-01 9.970042329841e-01
1.404000000000e+04 9.975808715576e-01 9.975808715576e-01
1.416000000000e+04 9.980516305552e-01 9.980516305552e-01
1.428000000000e+04 9.984347889656e-01 9.984347889656e-01
1.440000000000e+04 9.987457309934e-01 9.987457309934e-01
1.452000000000e+04 9.989973463130e-01 9.989973463130e-01
1.464000000000e+04 9.992003880672e-01 9.992003880672e-01
1.476000000000e+04 9.993637899733e-01 9.993637899733e-01
1.488000000000e+04 9.994949447461e-01 9.994949447461e-01
1.500000000000e+04 9.995999465968e-01 9.995999465968e-01
1.512000000000e+04 9.996838008893e-01 9.996838008893e-01
1.524000000000e+04 9.997506041650e-01 9.997506041650e-01
1.536000000000e+04 9.998036977437e-01 9.998036977437e-01
1.548000000000e+04 9.998457980030e-01 9.998457980030e-01
1.560000000000e+04 9.998791062628e-01 9.998791062628e-01
1.572000000000e+04 9.999054009821e-01 9.999054009821e-01
1.584000000000e+04 9.999261147339e-01 9.999261147339e-01
1.596000000000e+04 9.999423981699e-01 9.999423981699e-01
1.608000000000e+04 9.999551729395e-01 9.999551729395e-01
1.620000000000e+04 9.999651752834e-01 9.999651752834e-01
1.632000000000e+04 9.999729918034e-01 9.999729918034e-01
1.644000000000e+04 9.999790886971e-01 9.999790886971e-01
1.656000000000e+04 9.999838355666e-01 9.999838355666e-01
1.668000000000e+04 9.999875247374e-01 9.999875247374e-01
1.680000000000e+04 9.999903868832e-01 9.999903868832e-01
1.692000000000e+04 9.999926036216e-01 9.999926036216e-01
1.704000000000e+04 9.999943176359e-01 9.999943176359e-01
1.716000000000e+04 9.999956407849e-01 9.999956407849e-01
1.728000000000e+04 9.999966605825e-01 9.999966605825e-01
1.740000000000e+04 9.999974453594e-01 9.999974453594e-01
1.752000000000e+04 9.999980483644e-01 9.999980483644e-01
1.764000000000e+04 9.999985110153e-01 9.999985110153e-01
1.776000000000e+04 9.999988654679e-01 9.999988654679e-01
1.788000000000e+04 9.999991366428e-01 9.999991366428e-01
1.800000000000e+04 9.999993438198e-01 9.999993438198e-01
1.812000000000e+04 9.999995018889e-01 9.999995018889e-01
1.824000000000e+04 9.999996223314e-01 9.999996223314e-01
1.836000000000e+04 9.999997139855e-01 9.999997139855e-01
1.848000000000e+04 9.999997836443e-01 9.999997836443e-01
1.860000000000e+04 9.999998365210e-01 9.999998365210e-01
1.872000000000e+04 9.999998766103e-01 9.999998766103e-01
1.884000000000e+04 9.999999069687e-01 9.999999069687e-01
1.896000000000e+04 9.999999299316e-01 9.999999299316e-01
1.908000000000e+04 9.999999472809e-01 9.999999472809e-01
1.920000000000e+04 9.999999603746e-01 9.999999603746e-01
1.932000000000e+04 9.999999702457e-01 9.999999702457e-01
1.944000000000e+04 9.999999776794e-01 9.999999776794e-01
1.956000000000e+04 9.999999832719e-01 9.999999832719e-01
1.968000000000e+04 9.999999874748e-01 9.999999874748e-01
1.980000000000e+04 9.999999906303e-01 9.999999906303e-01
1.992000000000e+04 9.999999929971e-01 9.999999929971e-01
2.004000000000e+04 9.999999947707e-01 9.999999947707e-01
2.016000000000e+04 9.999999960984e-01 9.999999960984e-01
2.028000000000e+04 9.999999970915e-01 9.999999970915e-01
2.040000000000e+04 9.999999978336e-01 9.999999978336e-01
2.052000000000e+04 9.999999983877e-01 9.999999983877e-01
2.064000000000e+04 9.999999988010e-01 9.999999988010e-01
2.076000000000e+04 9.999999991091e-01 9.999999991091e-01
2.088000000000e+04 9.999999993385e-01 9.999999993385e-01
2.100000000000e+04 9.999999995092e-01 9.999999995092e-01
2.112000000000e+04 9.999999996361e-01 9.999999996361e-01
2.124000000000e+04 9.999999997304e-01 9.999999997304e-01
2.136000000000e+04 9.999999998004e-01 9.999999998004e-01
2.148000000000e+04 9.999999998524e-01 9.999999998524e-01
2.160000000000e+04 9.999999998909e-01 9.999999998909e-01
2.172000000000e+04 9.999999999194e-01 9.999999999194e-01
2.184000000000e+04 9.999999999405e-01 9.999999999405e-01
2.196000000000e+04 9.999999999561e-01 9.999999999561e-01
2.208000000000e+04 9.999999999676e-01 9.999999999676e-01
2.220000000000e+04 9.999999999761e-01 9.999999999761e-01
2.232000000000e+04 9.999999999824e-01 9.999999999824e-01
2.244000000000e+04 9.999999999871e-01 9.999999999871e-01
2.256000000000e+04 9.999999999905e-01 9.999999999905e-01
2.268000000000e+04 9.999999999930e-01 9.999999999930e-01
2.280000000000e+04 9.999999999949e-01 9.999999999949e-01
2.292000000000e+04 9.999999999962e-01 9.999999999962e-01
2.304000000000e+04 9.999999999972e-01 9.999999999972e-01
2.316000000000e+04 9.999999999980e-01 9.999999999980e-01
2.328000000000e+04 9.999999999985e-01 9.999999999985e-01
2.340000000000e+04 9.999999999989e-01 9.999999999989e-01
2.352000000000e+04 9.999999999992e-01 9.999999999992e-01
2.364000000000e+04 9.999999999994e-01 9.999999999994e-01
2.376000000000e+04 9.999999999996e-01 9.999999999996e-01
2.388000000000e+04 9.999999999997e-01 9.999999999997e-01
2.400000000000e+04 9.999999999998e-01 9.999999999998e-01
2.412000000000e+04 9.999999999998e-01 9.999999999998e-01
2.424000000000e+04 9.999999999998e-01 9.999999999998e-01
2.436000000000e+04 9.999999999999e-01 9.999999999999e-01
2.448000000000e+04 9.999999999999e-01 9.999999999999e-01
2.460000000000e+04 9.999999999999e-01 9.999999999999e-01
2.472000000000e+04 9.999999999999e-01 9.999999999999e-01
2.484000000000e+04 9.999999999999e-01 9.999999999999e-01
2.496000000000e+04 1.000000000000e+00 1.000000000000e+00
2.508000000000e+04 1.000000000000e+00 1.000000000000e+00
2.520000000000e+04 1.000000000000e+00 1.000000000000e+00
2.532000000000e+04 1.000000000000e+00 1.000000000000e+00
2.544000000000e+04 1.000000000000e+00 1.000000000000e+00
2.556000000000e+04 1.000000000000e+00 1.000000000000e+00
2.568000000000e+04 1.000000000000e+00 1.000000000000e+00
2.580000000000e+04 1.000000000000e+00 1.000000000000e+00
2.592000000000e+04 1.000000000000e+00 1.000000000000e+00
2.604000000000e+04 1.000000000000e+00 1.000000000000e+00
2.616000000000e+04 1.000000000000e+00 1.000000000000e+00
2.628000000000e+04 1.000000000000e+00 1.000000000000e+00
2.640000000000e+04 1.000000000000e+00 1.000000000000e+00
2.652000000000e+04 1.000000000000e+00 1.000000000000e+00
2.664000000000e+04 1.000000000000e+00 1.000000000000e+00
2.676000000000e+04 1.000000000000e+00 1.000000000000e+00
2.688000000000e+04 1.000000000000e+00 1.000000000000e+00
2.700000000000e+04 1.000000000000e+00 1.000000000000e+00
2.712000000000e+04 1.000000000000e+00 1.000000000000e+00
2.724000000000e+04 1.000000000000e+00 1.000000000000e+00
2.736000000000e+04 1.000000000000e+00 1.000000000000e+00
2.748000000000e+04 1.000000000000e+00 1.000000000000e+00
2.760000000000e+04 1.000000000000e+00 1.000000000000e+00
2.772000000000e+04 1.000000000000e+00 1.000000000000e+00
2.784000000000e+04 1.000000000000e+00 1.000000000000e+00
2.796000000000e+04 1.000000000000e+00 1.000000000000e+00
2.808000000000e+04 1.000000000000e+00 1.000000000000e+00
2.820000000000e+04 1.000000000000e+00 1.000000000000e+00
2.832000000000e+04 1.000000000000e+00 1.000000000000e+00
2.844000000000e+04 1.000000000000e+00 1.000000000000e+00
2.856000000000e+04 1.000000000000e+00 1.000000000000e+00
2.868000000000e+04 1.000000000000e+00 1.000000000000e+00
2.880000000000e+04 1.000000000000e+00 1.000000000000e+00
2.892000000000e+04 1.000000000000e+00 1.000000000000e+00
2.904000000000e+04 1.000000000000e+00 1.000000000000e+00
2.916000000000e+04 1.000000000000e+00 1.000000000000e+00
2.928000000000e+04 1.000000000000e+00 1.000000000000e+00
2.940000000000e+04 1.000000000000e+00 1.000000000000e+00
2.952000000000e+04 1.000000000000e+00 1.000000000000e+00
2.964000000000e+04 1.000000000000e+00 1.000000000000e+00
2.976000000000e+04 1.000000000000e+00 1.000000000000e+00
2.988000000000e+04 1.000000000000e+00 1.000000000000e+00
3.000000000000e+04 1.000000000000e+00 1.000000000000e+00
3.012000000000e+04 1.000000000000e+00 1.000000000000e+00
3.024000000000e+04 1.000000000000e+00 1.000000000000e+00
3.036000000000e+04 1.000000000000e+00 1.000000000000e+00
3.048000000000e+04 1.000000000000e+00 1.000000000000e+00
3.060000000000e+04 1.000000000000e+00 1.000000000000e+00
3.072000000000e+04 1.000000000000e+00 1.000000000000e+00
3.084000000000e+04 1.000000000000e+00 1.000000000000e+00
3.096000000000e+04 1.000000000000e+00 1.000000000000e+00
3.108000000000e+04 1.000000000000e+00 1.000000000000e+00
3.120000000000e+04 1.000000000000e+00 1.000000000000e+00
3.132000000000e+04 1.000000000000e+00 1.000000000000e+00
3.144000000000e+04 1.000000000000e+00 1.000000000000e+00
3.156000000000e+04 1.000000000000e+00 1.000000000000e+00
3.168000000000e+04 1.000000000000e+00 1.000000000000e+00
3.180000000000e+04 1.000000000000e+00 1.000000000000e+00
3.192000000000e+04 1.000000000000e+00 1.000000000000e+00
3.204000000000e+04 1.000000000000e+00 1.000000000000e+00
3.216000000000e+04 1.000000000000e+00 1.000000000000e+00
3.228000000000e+04 1.000000000000e+00 1.000000000000e+00
3.240000000000e+04 1.000000000000e+00 1.000000000000e+00
3.252000000000e+04 1.000000000000e+00 1.000000000000e+00
3.264000000000e+04 1.000000000000e+00 1.000000000000e+00
3.276000000000e+04 1.000000000000e+00 1.000000000000e+00
3.288000000000e+04 1.000000000000e+00 1.000000000000e+00
3.300000000000e+04 1.000000000000e+00 1.000000000000e+00
3.312000000000e+04 1.000000000000e+00 1.000000000000e+00
3.324000000000e+04 1.000000000000e+00 1.000000000000e+00
3.336000000000e+04 1.000000000000e+00 1.000000000000e+00
3.348000000000e+04 1.000000000000e+00 1.000000000000e+00
3.360000000000e+04 1.000000000000e+00 1.000000000000e+00
3.372000000000e+04 1.000000000000e+00 1.000000000000e+00
3.384000000000e+04 1.000000000000e+00 1.000000000000e+00
3.396000000000e+04 1.000000000000e+00 1.000000000000e+00
3.408000000000e+04 1.000000000000e+00 1.000000000000e+00
3.420000000000e+04 1.000000000000e+00 1.000000000000e+00
3.432000000000e+04 1.000000000000e+00 1.000000000000e+00
3.444000000000e+04 1.000000000000e+00 1.000000000000e+00
3.456000000000e+04 1.000000000000e+00 1.000000000000e+00
3.468000000000e+04 1.000000000000e+00 1.000000000000e+00
3.480000000000e+04 1.000000000000e+00 1.000000000000e+00
3.492000000000e+04 1.000000000000e+00 1.000000000000e+00
3.504000000000e+04 1.000000000000e+00 1.000000000000e+00
3.516000000000e+04 1.000000000000e+00 1.000000000000e+00
3.528000000000e+04 1.000000000000e+00 1.000000000000e+00
3.540000000000e+04 1.000000000000e+00 1.000000000000e+00
3.552000000000e+04 1.000000000000e+00 1.000000000000e+00
3.564000000000e+04 1.000000000000e+00 1.000000000000e+00
3.576000000000e+04 1.000000000000e+00 1.000000000000e+00
3.588000000000e+04 1.000000000000e+00 1.000000000000e+00
3.600000000000e+04 1.000000000000e+00 1.000000000000e+00
3.612000000000e+04 1.000000000000e+00 1.000000000000e+00
3.624000000000e+04 1.000000000000e+00 1.000000000000e+00
3.636000000000e+04 1.000000000000e+00 1.000000000000e+00
3.648000000000e+04 1.000000000000e+00 1.000000000000e+00
3.660000000000e+04 1.000000000000e+00 1.000000000000e+00
3.672000000000e+04 1.000000000000e+00 1.000000000000e+00
3.684000000000e+04 1.000000000000e+00 1.000000000000e+00
3.696000000000e+04 1.000000000000e+00 1.000000000000e+00
3.708000000000e+04 1.000000000000e+00 1.000000000000e+00
3.720000000000e+04 1.000000000000e+00 1.000000000000e+00
3.732000000000e+04 1.000000000000e+00 1.000000000000e+00
3.744000000000e+04 1.000000000000e+00 1.000000000000e+00
3.756000000000e+04 1.000000000000e+00 1.000000000000e+00
3.768000000000e+04 1.000000000000e+00 1.000000000000e+00
3.780000000000e+04 1.000000000000e+00 1.000000000000e+00
3.792000000000e+04 1.000000000000e+00 1.000000000000e+00
3.804000000000e+04 1.000000000000e+00 1.000000000000e+00
3.816000000000e+04 1.000000000000e+00 1.000000000000e+00
3.828000000000e+04 1.000000000000e+00 1.000000000000e+00
3.840000000000e+04 1.000000000000e+00 1.000000000000e+00
3.852000000000e+04 1.000000000000e+00 1.000000000000e+00
3.864000000000e+04 1.000000000000e+00 1.000000000000e+00
3.876000000000e+04 1.000000000000e+00 1.000000000000e+00
3.888000000000e+04 1.000000000000e+00 1.000000000000e+00
3.900000000000e+04 1.000000000000e+00 1.000000000000e+00
3.912000000000e+04 1.000000000000e+00 1.000000000000e+00
3.924000000000e+04 1.000000000000e+00 1.000000000000e+00
3.936000000000e+04 1.000000000000e+00 1.000000000000e+00
3.948000000000e+04 1.000000000000e+00 1.000000000000e+00
3.960000000000e+04 1.000000000000e+00 1.000000000000e+00
3.972000000000e+04 1.000000000000e+00 1.000000000000e+00
3.984000000000e+04 1.000000000000e+00 1.000000000000e+00
3.996000000000e+04 1.000000000000e+00 1.000000000000e+00
4.008000000000e+04 1.000000000000e+00 1.000000000000e+00
4.020000000000e+04 1.000000000000e+00 1.000000000000e+00
4.032000000000e+04 1.000000000000e+00 1.000000000000e+00
4.044000000000e+04 1.000000000000e+00 1.000000000000e+00
4.056000000000e+04 1.000000000000e+00 1.000000000000e+00
4.068000000000e+04 1.000000000000e+00 1.000000000000e+00
4.080000000000e+04 1.000000000000e+00 1.000000000000e+00
4.092000000000e+04 1.000000000000e+00 1.000000000000e+00
4.104000000000e+04 1.000000000000e+00 1.000000000000e+00
4.116000000000e+04 1.000000000000e+00 1.000000000000e+00
4.128000000000e+04 1.000000000000e+00 1.000000000000e+00
4.140000000000e+04 1.000000000000e+00 1.000000000000e+00
4.152000000000e+04 1.000000000000e+00 1.000000000000e+00
4.164000000000e+04 1.000000000000e+00 1.000000000000e+00
4.176000000000e+04 1.000000000000e+00 1.000000000000e+00
4.188000000000e+04 1.000000000000e+00 1.000000000000e+00
4.200000000000e+04 1.000000000000e+00 1.000000000000e+00
4.212000000000e+04 1.000000000000e+00 1.000000000000e+00
4.224000000000e+04 1.000000000000e+00 1.000000000000e+00
4.236000000000e+04 1.000000000000e+00 1.000000000000e+00
4.248000000000e+04 1.000000000000e+00 1.000000000000e+00
4.260000000000e+04 1.000000000000e+00 1.000000000000e+00
4.272000000000e+04 1.000000000000e+00 1.000000000000e+00
4.284000000000e+04 1.000000000000e+00 1.000000000000e+00
4.296000000000e+04 1.000000000000e+00 1.000000000000e+00
4.308000000000e+04 1.000000000000e+00 1.000000000000e+00
4.320000000000e+04 1.000000000000e+00 1.000000000000e+00
4.332000000000e+04 1.000000000000e+00 1.000000000000e+00
4.344000000000e+04 1.000000000000e+00 1.000000000000e+00
4.356000000000e+04 1.000000000000e+00 1.000000000000e+00
4.368000000000e+04 1.000000000000e+00 1.000000000000e+00
4.380000000000e+04 1.000000000000e+00 1.000000000000e+00
4.392000000000e+04 1.000000000000e+00 1.000000000000e+00
4.404000000000e+04 1.000000000000e+00 1.000000000000e+00
4.416000000000e+04 1.000000000000e+00 1.000000000000e+00
4.428000000000e+04 1.000000000000e+00 1.000000000000e+00
4.440000000000e+04 1.000000000000e+00 1.000000000000e+00
4.452000000000e+04 1.000000000000e+00 1.000000000000e+00
4.464000000000e+04 1.000000000000e+00 1.000000000000e+00
4.476000000000e+04 1.000000000000e+00 1.000000000000e+00
4.488000000000e+04 1.000000000000e+00 1.000000000000e+00
4.500000000000e+04 1.000000000000e+00 1.000000000000e+00
4.512000000000e+04 1.000000000000e+00 1.000000000000e+00
4.524000000000e+04 1.000000000000e+00 1.000000000000e+00
4.536000000000e+04 1.000000000000e+00 1.000000000000e+00
4.548000000000e+04 1.000000000000e+00 1.000000000000e+00
4.560000000000e+04 1.000000000000e+00 1.000000000000e+00
4.572000000000e+04 1.000000000000e+00 1.000000000000e+00
4.584000000000e+04 1.000000000000e+00 1.000000000000e+00
4.596000000000e+04 1.000000000000e+00 1.000000000000e+00
4.608000000000e+04 1.000000000000e+00 1.000000000000e+00
4.620000000000e+04 1.000000000000e+00 1.000000000000e+00
4.632000000000e+04 1.000000000000e+00 1.000000000000e+00
4.644000000000e+04 1.000000000000e+00 1.000000000000e+00
4.656000000000e+04 1.000000000000e+00 1.000000000000e+00
4.668000000000e+04 1.000000000000e+00 1.000000000000e+00
4.680000000000e+04 1.000000000000e+00 1.000000000000e+00
4.692000000000e+04 9.999999999999e-01 9.999999999999e-01
4.704000000000e+04 9.999999999998e-01 9.999999999998e-01
4.716000000000e+04 9.999999999990e-01 9.999999999990e-01
4.728000000000e+04 9.999999999960e-01 9.999999999960e-01
4.740000000000e+04 9.999999999843e-01 9.999999999843e-01
4.752000000000e+04 9.999999999426e-01 9.999999999426e-01
4.764000000000e+04 9.999999998011e-01 9.999999998011e-01
4.776000000000e+04 9.999999993458e-01 9.999999993458e-01
4.788000000000e+04 9.999999979555e-01 9.999999979555e-01
4.800000000000e+04 9.999999939195e-01 9.999999939195e-01
4.812000000000e+04 9.999999827630e-01 9.999999827630e-01
4.824000000000e+04 9.999999533529e-01 9.999999533529e-01
4.836000000000e+04 9.999998793049e-01 9.999998793049e-01
4.848000000000e+04 9.999997009727e-01 9.999997009727e-01
4.860000000000e+04 9.999992895482e-01 9.999992895482e-01
4.872000000000e+04 9.999983789482e-01 9.999983789482e-01
4.884000000000e+04 9.999964426784e-01 9.999964426784e-01
4.896000000000e+04 9.999924815655e-01 9.999924815655e-01
4.908000000000e+04 9.999846746022e-01 9.999846746022e-01
4.920000000000e+04 9.999698306927e-01 9.999698306927e-01
4.932000000000e+04 9.999425666786e-01 9.999425666786e-01
4.944000000000e+04 9.998941308763e-01 9.998941308763e-01
4.956000000000e+04 9.998107966441e-01 9.998107966441e-01
4.968000000000e+04 9.996717724615e-01 9.996717724615e-01
4.980000000000e+04 9.994466176259e-01 9.994466176259e-01
4.992000000000e+04 9.990922171452e-01 9.990922171452e-01
5.004000000000e+04 9.985494527395e-01 9.985494527395e-01
5.016000000000e+04 9.977398011737e-01 9.977398011737e-01
5.028000000000e+04 9.965621838297e-01 9.965621838297e-01
5.040000000000e+04 9.948904666487e-01 9.948904666487e-01
5.052000000000e+04 9.925720506933e-01 9.925720506933e-01
5.064000000000e+04 9.894279862915e-01 9.894279862915e-01
5.076000000000e+04 9.852549792331e-01 9.852549792331e-01
5.088000000000e+04 9.798295349056e-01 9.798295349056e-01
5.100000000000e+04 9.729143137714e-01 9.729143137714e-01
5.112000000000e+04 9.642665659550e-01 9.642665659550e-01
5.124000000000e+04 9.536482971195e-01 9.536482971195e-01
5.136000000000e+04 9.408376185284e-01 9.408376185284e-01
5.148000000000e+04 9.256405765658e-01 9.256405765658e-01
5.160000000000e+04 9.079026616095e-01 9.079026616095e-01
5.172000000000e+04 8.875191758256e-01 8.875191758256e-01
5.184000000000e+04 8.644436974697e-01 8.644436974697e-01
5.196000000000e+04 8.386940092845e-01 8.386940092845e-01
5.208000000000e+04 8.103550457889e-01 8.103550457889e-01
5.220000000000e+04 7.795786379136e-01 7.795786379136e-01
5.232000000000e+04 7.465800698314e-01 7.465800698314e-01
5.244000000000e+04 7.116316884605e-01 7.116316884605e-01
5.256000000000e+04 6.750540005045e-01 6.750540005045e-01
5.268000000000e+04 6.372048396314e-01 6.372048396314e-01
5.280000000000e+04 5.984672783467e-01 5.984672783467e-01
5.292000000000e+04 5.592369926724e-01 5.592369926724e-01
5.304000000000e+04 5.199097661866e-01 5.199097661866e-01
5.316000000000e+04 4.808697513883e-01 4.808697513883e-01
5.328000000000e+04 4.424790020040e-01 4.424790020040e-01
5.340000000000e+04 4.050686626090e-01 4.050686626090e-01
5.352000000000e+04 3.689320647521e-01 3.689320647521e-01
5.364000000000e+04 3.343198433893e-01 3.343198433893e-01
5.376000000000e+04 3.014370635437e-01 3.014370635437e-01
5.388000000000e+04 2.704422418105e-01 2.704422418105e-01
5.400000000000e+04 2.414480649888e-01 2.414480649888e-01
5.412000000000e+04 2.145235505344e-01 2.145235505344e-01
5.424000000000e+04 1.896973602383e-01 1.896973602383e-01
5.436000000000e+04 1.669619673796e-01 1.669619673796e-01
5.448000000000e+04 1.462783852008e-01 1.462783852008e-01
5.460000000000e+04 1.275811868738e-01 1.275811868738e-01
5.472000000000e+04 1.107835799160e-01 1.107835799160e-01
5.484000000000e+04 9.578233720943e-02 9.578233720943e-02
5.496000000000e+04 8.246242872827e-02 8.246242872827e-02
5.508000000000e+04 7.070123976545e-02 7.070123976545e-02
5.520000000000e+04 6.037230052876e-02 6.037230052876e-02
5.532000000000e+04 5.134848680216e-02 5.134848680216e-02
5.544000000000e+04 4.350468093607e-02 4.350468093607e-02
5.556000000000e+04 3.671990629370e-02 3.671990629370e-02
5.568000000000e+04 3.087896644129e-02 3.087896644129e-02
5.580000000000e+04 2.587363317122e-02 2.587363317122e-02
5.592000000000e+04 2.160343545848e-02 2.160343545848e-02
5.604000000000e+04 1.797610538386e-02 1.797610538386e-02
5.616000000000e+04 1.490773767362e-02 1.490773767362e-02
5.628000000000e+04 1.232271756625e-02 1.232271756625e-02
5.640000000000e+04 1.015346792960e-02 1.015346792960e-02
5.652000000000e+04 8.340061544770e-03 8.340061544770e-03
5.664000000000e+04 6.829738780392e-03 6.829738780392e-03
5.676000000000e+04 5.576364932428e-03 5.576364932428e-03
5.688000000000e+04 4.539855634529e-03 4.539855634529e-03
5.700000000000e+04 3.685593193324e-03 3.685593193324e-03
5.712000000000e+04 2.983851634718e-03 2.983851634718e-03
5.724000000000e+04 2.409243757191e-03 2.409243757191e-03
5.736000000000e+04 1.940199618635e-03 1.940199618635e-03
5.748000000000e+04 1.558482636119e-03 1.558482636119e-03
5.760000000000e+04 1.248746825327e-03 1.248746825327e-03
5.772000000000e+04 9.981366003549e-04 9.981366003549e-04
5.784000000000e+04 7.959289356726e-04 7.959289356726e-04
5.796000000000e+04 6.332164951943e-04 6.332164951943e-04
5.808000000000e+04 5.026294927825e-04 5.026294927825e-04
5.820000000000e+04 3.980935010355e-04 3.980935010355e-04
5.832000000000e+04 3.146201126866e-04 3.146201126866e-04
5.844000000000e+04 2.481272294992e-04 2.481272294992e-04
5.856000000000e+04 1.952857621605e-04 1.952857621605e-04
5.868000000000e+04 1.533896333323e-04 1.533896333323e-04
5.880000000000e+04 1.202461533400e-04 1.202461533400e-04
5.892000000000e+04 9.408405873993e-05 9.408405873993e-05
5.904000000000e+04 7.347674843736e-05 7.347674843736e-05
5.916000000000e+04 5.727850506398e-05 5.727850506398e-05
5.928000000000e+04 4.457173990902e-05 4.457173990902e-05
5.940000000000e+04 3.462354002407e-05 3.462354002407e-05
5.952000000000e+04 2.685002103634e-05 2.685002103634e-05
5.964000000000e+04 2.078719561480e-05 2.078719561480e-05
5.976000000000e+04 1.606725392491e-05 1.606725392491e-05
5.988000000000e+04 1.239931843966e-05 1.239931843966e-05
6.000000000000e+04 9.553881636144e-06 9.553881636144e-06
6.012000000000e+04 7.350262454108e-06 7.350262454108e-06
6.024000000000e+04 5.646527331572e-06 5.646527331572e-06
6.036000000000e+04 4.331415764557e-06 4.331415764557e-06
6.048000000000e+04 3.317890333971e-06 3.317890333971e-06
6.060000000000e+04 2.537998663741e-06 2.537998663741e-06
6.072000000000e+04 1.938791408466e-06 1.938791408466e-06
6.084000000000e+04 1.479087596567e-06 1.479087596567e-06
6.096000000000e+04 1.126917826291e-06 1.126917826291e-06
6.108000000000e+04 8.575081379525e-07 8.575081379525e-07
6.120000000000e+04 6.516939369177e-07 6.516939369177e-07
6.132000000000e+04 4.946750531240e-07 4.946750531240e-07
6.144000000000e+04 3.750407022480e-07 3.750407022480e-07
6.156000000000e+04 2.840074529263e-07 2.840074529263e-07
6.168000000000e+04 2.148248909931e-07 2.148248909931e-07
6.180000000000e+04 1.623130006551e-07 1.623130006551e-07
6.192000000000e+04 1.225027682485e-07 1.225027682485e-07
6.204000000000e+04 9.235750147102e-08 9.235750147102e-08
6.216000000000e+04 6.955713089864e-08 6.955713089864e-08
6.228000000000e+04 5.233155580278e-08 5.233155580278e-08
6.240000000000e+04 3.933210487325e-08 3.933210487325e-08
6.252000000000e+04 2.953256096847e-08 2.953256096847e-08
6.264000000000e+04 2.215307450165e-08 2.215307450165e-08
6.276000000000e+04 1.660176519348e-08 1.660176519348e-08
6.288000000000e+04 1.242996934096e-08 1.242996934096e-08
6.300000000000e+04 9.297995774532e-09 9.297995774532e-09
6.312000000000e+04 6.948961312751e-09 6.948961312751e-09
6.324000000000e+04 5.188828014246e-09 5.188828014246e-09
6.336000000000e+04 3.871193425735e-09 3.871193425735e-09
6.348000000000e+04 2.885717906977e-09 2.885717906977e-09
6.360000000000e+04 2.149330967913e-09 2.149330967913e-09
6.372000000000e+04 1.599557911225e-09 1.599557911225e-09
6.384000000000e+04 1.189461922283e-09 1.189461922283e-09
6.396000000000e+04 8.838152653880e-10 8.838152653880e-10
6.408000000000e+04 6.562043867253e-10 6.562043867253e-10
6.420000000000e+04 4.868436964033e-10 4.868436964033e-10
6.432000000000e+04 3.609264342182e-10 3.609264342182e-10
6.444000000000e+04 2.673820670474e-10 2.673820670474e-10
6.456000000000e+04 1.979410268637e-10 1.979410268637e-10
6.468000000000e+04 1.464315254318e-10 1.464315254318e-10
6.480000000000e+04 1.082514105270e-10 1.082514105270e-10
